tce,score,disp,N,S,C,E,flags,Period,Epoch,Width,SES_max,MES,LPP_DV,LPP_ALT,Marshall,σ_oe_dv,σ_oe_alt,σ_pri_dv,σ_sec_dv,σ_ter_dv,σ_pos_dv,F_red_dv,σ_fa1_dv,σ_fa2_dv,σ_pri_alt,σ_sec_alt,σ_ter_alt,σ_pos_alt,F_red_alt,σ_fa1_alt,σ_fa2_alt,Rp,Impact,A_dv,D_pri_dv,D_sec_dv,Ph_sec_dv,A_alt,D_pri_alt,D_sec_alt,Ph_sec_alt,Cent_Disp,EM_Disp,ses_art,sweet_snr,sweet_amp,fer_shape,boot_fa,gb_hc_rat,chi2_1,chi2_2,chi2_gof,rec_mes,new_mes,ngood,kic,pn,period,epoch,mes,depth,duration,rplanet,rstar,tstar,logg,a,rprstar,arstar,snr,srad
002305866-02,0.63,PC,0,0,0,0,EYEBALL---CLEAR_APO---TOO_FEW_QUARTERS,115.230801,176.645182,17.279,5.814,9.835,0.6342,1.01,0.0,0.643,0.2574,23.73,6.996,6.498,6.637,1.884,5.111,2.726,54.21,12.15,11.81,11.34,5.97,5.1,2.707,3.68,0.953,523.7,0.0001572,4.636e-05,0.7542,481.8,0.0003898,8.741e-05,0.6444,0.0,0.0,0.0,11.12,11.57,0.9674,6.11e-20,0.7667,12.92,7.978,10.59,10.48,10.03,13.0,2305866,2,115.23080089,176.64518182,9.8347,154.8,17.2794,3.879,2.517,6585,3.813,0.53088,0.014123,17.65,11.8,37.869
003634051-02,0.23,PC,0,0,0,0,,122.806262,179.311837,1.953,4.678,9.364,0.9747,1.392,0.0,0.4756,0.05471,13.94,4.389,4.272,5.272,1.185,5.486,3.345,11.81,4.807,3.999,5.142,1.143,5.549,3.444,6.01,0.728,417.9,0.0002836,8.929e-05,0.6382,523.3,0.0002705,0.0001101,0.3147,0.0,0.0,0.0,4.902,4.51,0.7447,4.95e-21,0.0,11.51,10.72,8.484,9.389,9.389,11.0,3634051,2,122.80626199,179.31183736,9.364,301.5,1.9534,5.641,3.006,5874,3.664,0.55612,0.017196,341.42,11.3,31.165
003839294-01,0.07,PC,0,0,0,0,,137.665506,240.445573,3.929,5.875,8.069,0.785,0.6732,0.0,0.3898,0.3844,13.93,6.839,6.459,7.693,1.962,5.403,3.214,13.27,5.61,5.604,6.288,1.576,5.438,3.269,20.1,0.895,129.3,0.0005325,0.0002614,0.8813,145.3,0.0005195,0.0002196,0.3401,0.0,0.0,0.0,2.967,6.38,0.9216,2.29e-13,0.1248,8.327,8.391,8.853,8.107,8.107,9.0,3839294,1,137.66550603,240.44557288,8.0694,572.6,3.9294,20.082,6.897,4832,2.953,0.60491,0.026682,134.67,7.7,63.495
003852476-01,0.13,PC,0,0,0,0,,111.742092,166.33039,4.191,3.158,7.286,0.9015,0.839,0.0,0.3039,0.755,12.4,5.5,5.196,6.477,1.615,5.355,3.136,11.15,4.787,4.672,5.396,1.433,5.383,3.182,8.62,0.852,203.6,0.0002444,0.0001084,0.3528,236.2,0.000238,0.0001022,0.7807,0.0,0.0,0.0,2.034,2.4,0.8687,1.08e-12,0.147,8.229,10.17,6.876,7.244,7.244,11.0,3852476,1,111.74209156,166.33039034,7.2857,256.6,4.1911,8.336,4.525,5267,3.338,0.53406,0.016882,113.12,7.5,49.5
004862332-02,0.2,PC,0,0,0,0,,159.583313,160.288188,4.602,4.925,7.116,1.055,1.361,5.967,0.0,0.0,16.98,8.561,8.338,9.198,2.575,5.422,3.243,18.86,7.342,7.077,6.669,1.94,5.407,3.22,85.2,0.888,50.33,0.001684,0.0008487,0.7109,35.7,0.001571,0.0006116,0.1904,0.0,0.0,0.8012,4.781,29.5,0.93,7.69e-11,0.6722,8.007,15.39,8.256,6.985,6.985,3.0,4862332,2,159.5833128,160.28818775,7.1157,1452.1,4.602,84.132,18.374,4981,2.437,0.86329,0.04196,144.41,8.5,249.831
004953262-01,0.05,PC,0,0,0,0,,105.59109,192.299535,2.198,4.162,7.516,0.9709,0.9534,0.0,0.0808,0.6712,12.15,5.485,5.259,5.796,1.767,5.455,3.296,11.13,5.264,4.995,5.359,1.614,5.466,3.313,10.0,0.709,133.1,0.0002869,0.0001295,0.8194,166.3,0.0002801,0.0001325,0.6255,0.0,0.0,0.0,4.689,5.72,0.7264,1.16e-12,0.6056,10.12,8.329,10.04,7.432,7.432,13.0,4953262,1,105.59108962,192.29953537,7.5159,316.3,2.1982,8.36,4.383,4869,3.193,0.45043,0.017479,267.83,7.5,47.679
005193439-01,0.26,PC,0,0,0,0,CENTROID_SIGNIF_UNCERTAIN,129.846777,240.684341,13.196,4.527,7.675,1.2,0.8957,0.0,1.308,1.301,11.1,3.809,2.866,3.458,1.014,5.183,2.851,12.47,3.284,3.136,2.911,0.8728,5.173,2.834,1.55,0.811,3099.0,0.0001727,5.926e-05,0.3458,2415.0,0.0001838,4.839e-05,0.07679,0.0,0.0,0.0,2.367,3.74,0.8237,7.63e-15,0.02318,8.825,9.07,6.89,7.997,7.419,9.0,5193439,1,129.8467767,240.68434095,7.6745,165.7,13.1964,1.477,1.032,6133,4.427,0.50828,0.013112,45.69,8.8,5.226
005653795-02,0.08,PC,0,0,0,0,,118.305767,215.637657,5.887,6.115,9.025,2.113,1.452,0.0,0.1409,0.7044,11.53,4.911,4.357,5.334,1.525,5.313,3.068,10.87,4.689,4.373,5.198,1.364,5.334,3.102,7.48,0.853,351.4,0.0002541,0.0001082,0.2305,330.0,0.0002535,0.0001094,0.6295,0.0,0.0,0.0,4.905,7.21,0.87,1.38e-14,0.3609,9.828,9.704,7.728,8.743,8.256,7.0,5653795,2,118.30576731,215.63765726,9.0252,257.8,5.887,8.675,4.763,6190,3.34,0.57494,0.016691,84.86,7.8,90.275
005706595-03,0.04,PC,0,0,0,0,,150.382595,205.281122,5.029,4.896,7.761,0.9999,0.9766,1.493,0.5136,0.2707,9.727,4.165,3.952,4.246,1.171,5.379,3.176,8.772,3.749,3.642,3.526,1.025,5.409,3.224,2.45,0.837,5172.0,0.0004542,0.0001945,0.3833,5589.0,0.0004417,0.0001888,0.0189,0.0,0.0,0.0,4.872,10.67,0.8602,1.78e-14,0.2826,11.57,8.393,7.509,7.748,7.706,4.0,5706595,3,150.38259486,205.28112186,7.7609,491.0,5.0291,2.405,0.954,5569,4.459,0.54516,0.023104,134.39,8.2,2.639
005888187-01,0.5,PC,0,0,0,0,EYEBALL---LARGE_RM,133.634536,236.354645,1.759,4.012,8.25,0.9578,0.7889,0.0,1.429,0.02356,16.15,4.888,4.517,5.45,1.329,5.529,3.413,16.08,3.529,3.445,3.205,0.8779,5.541,3.431,2.29,0.934,2835.0,0.0003956,0.0001197,0.01533,2388.0,0.0003634,7.978e-05,0.5043,0.0,0.0,0.0,11.9,215.3,0.9572,1.53e-13,0.5741,11.97,9.819,8.309,8.365,8.365,10.0,5888187,1,133.63453596,236.35464499,8.2497,397.8,1.7593,2.333,0.918,5202,4.434,0.48181,0.023291,242.66,9.6,2.382
005977470-01,0.37,PC,0,0,0,0,,140.251651,175.136183,7.037,4.172,9.64,0.6921,0.3662,0.0,0.4675,0.4175,15.01,4.576,4.065,3.806,1.182,5.306,3.057,13.3,4.212,3.636,3.632,0.9536,5.333,3.1,2.29,0.902,4124.0,0.0005543,0.000169,0.7144,5585.0,0.0005184,0.0001641,0.1812,0.0,0.0,0.0,5.474,15.71,0.9289,1.09e-18,0.281,11.8,12.15,9.393,9.843,9.843,11.0,5977470,1,140.25165045,175.13618298,9.6396,585.2,7.037,2.343,0.788,4821,4.529,0.48341,0.027246,74.94,11.2,1.286
006021275-04,0.33,PC,0,0,0,0,,110.286793,239.218122,4.362,5.367,9.959,1.178,1.297,0.0,2.506,1.255,15.13,4.338,3.82,4.665,1.193,5.344,3.118,14.08,3.854,3.841,5.094,1.074,5.37,3.16,1.39,0.831,1783.0,0.0001215,3.482e-05,0.6511,2008.0,0.0001176,3.218e-05,0.225,0.0,0.0,0.0,9.887,5.24,0.8423,3.5e-20,0.1708,8.787,23.38,10.21,9.924,9.696,6.0,6021275,4,110.28679293,239.21812186,9.9589,122.8,4.3617,1.372,1.101,5931,4.322,0.43911,0.011421,111.41,10.9,6.97
006025174-01,0.21,PC,0,0,0,0,EYEBALL---TOO_FEW_QUARTERS,171.031031,301.733127,11.549,6.919,9.447,0.9352,0.9844,2.69,0.3654,0.3856,14.07,5.168,4.818,4.793,1.471,5.257,2.975,12.99,3.361,2.928,3.185,0.922,5.261,2.982,2.8,0.675,3756.0,0.0003877,0.0001424,0.3443,2781.0,0.0003551,9.186e-05,0.7353,0.0,0.0,0.0,5.28,13.78,0.6947,5.02e-20,0.1206,12.68,12.96,9.056,9.293,9.696,4.0,6025174,1,171.03103111,301.7331268,9.4473,417.6,11.5486,2.713,1.252,6123,4.332,0.64588,0.019856,86.51,10.2,4.732
006387557-01,0.26,PC,0,0,0,0,,103.722121,176.07264,6.26,4.585,7.922,0.6253,1.008,0.0,0.293,0.09399,11.59,3.912,3.66,3.663,1.13,5.276,3.006,11.15,3.514,3.193,2.997,0.9201,5.291,3.032,2.36,0.808,1730.0,0.0002863,9.661e-05,0.553,1570.0,0.0002832,8.926e-05,0.5531,0.0,0.0,0.0,7.123,18.02,0.826,3.26e-13,0.3464,10.3,7.268,7.663,8.039,7.131,13.0,6387557,1,103.72212057,176.07263975,7.9219,300.1,6.2599,2.208,1.143,5784,4.33,0.43482,0.017704,78.28,8.5,6.929
006716545-03,0.19,PC,0,0,0,0,EYEBALL---LARGE_RM,145.88813,194.625631,8.465,4.059,7.629,1.023,1.012,0.0,0.6378,0.4427,11.0,3.92,3.563,4.889,1.147,5.282,3.016,13.49,4.023,3.078,3.534,0.9406,5.277,3.008,2.1,0.815,2051.0,0.0001531,5.458e-05,0.715,1977.0,0.0001822,5.431e-05,0.9269,0.0,0.0,0.0,4.657,4.89,0.8277,8.49e-14,0.0,11.14,7.652,7.708,8.513,8.513,10.0,6716545,3,145.88813028,194.62563111,7.6291,161.8,8.4645,2.02,1.424,6052,4.183,0.56457,0.013,79.27,8.5,7.647
006780367-01,0.09,PC,0,0,0,0,,175.35894,212.242817,5.43,4.233,7.126,1.302,1.135,-0.5046,0.4295,0.06659,11.22,4.576,4.5,5.3,1.404,5.394,3.199,9.978,4.187,4.035,4.646,1.186,5.397,3.205,3.22,0.891,1532.0,0.0002168,8.844e-05,0.5657,1961.0,0.0001947,8.169e-05,0.846,0.0,0.0,0.0,6.064,6.61,0.9072,1.89e-12,0.0,7.367,10.46,6.961,7.097,7.322,7.0,6780367,1,175.35894002,212.24281682,7.1264,230.5,5.4298,3.662,2.02,5109,3.757,0.58105,0.016612,120.95,7.3,7.377
007191646-01,0.29,PC,0,0,0,0,,106.954551,224.996647,7.894,5.422,9.884,1.245,0.7865,0.0,0.06676,0.7147,16.89,4.814,4.221,5.417,1.461,5.24,2.946,12.11,3.337,3.268,3.698,1.026,5.311,3.064,3.94,0.978,1288.0,0.0006265,0.0001786,0.4747,1496.0,0.0005434,0.0001497,0.6021,0.0,0.0,0.0,3.867,12.22,1.01,7.98e-23,0.3055,11.91,11.95,9.849,9.915,9.967,11.0,7191646,1,106.95455147,224.99664708,9.8841,617.8,7.8936,3.4,0.969,6075,4.486,0.4481,0.032153,34.24,10.1,5.706
007300182-01,0.38,PC,0,0,0,0,,172.826961,302.006527,6.96,4.244,7.641,1.095,0.6213,-1.756,0.7294,0.5882,17.41,8.768,6.814,7.902,2.143,5.349,3.126,18.45,2.284,2.055,2.231,0.5706,5.361,3.146,2.1,0.835,9568.0,0.0004058,0.0002044,0.5588,2041.0,0.0003578,4.428e-05,0.0225,0.0,0.0,0.0,4.792,26.31,0.8545,1.36e-11,0.2257,9.225,8.106,7.629,8.026,7.508,7.0,7300182,1,172.82696099,302.00652698,7.6411,357.2,6.96,1.994,0.939,6174,4.499,0.61031,0.019461,110.95,9.2,3.082
007416306-01,0.49,PC,0,0,0,0,EYEBALL---TOO_FEW_QUARTERS,137.390166,158.968014,19.009,4.107,8.659,0.7591,0.5924,0.0,1.106,0.67,14.55,4.268,4.047,3.678,1.333,5.127,2.754,14.18,2.451,2.301,2.362,0.7861,5.132,2.762,3.03,0.794,873.1,0.0001483,4.35e-05,0.5138,413.9,0.0001433,2.477e-05,0.12,0.0,0.0,0.0,4.496,5.44,0.8062,1.62e-17,0.0,11.22,9.26,8.901,8.833,8.833,11.0,7416306,1,137.39016557,158.96801351,8.6593,143.5,19.0087,3.526,2.655,5425,3.704,0.56891,0.012171,34.67,9.3,16.902
008105719-01,0.28,PC,0,0,0,0,EYEBALL---TOO_FEW_QUARTERS,148.17101,202.328954,13.775,4.291,8.668,0.7454,0.9195,0.0,0.352,0.063,14.21,5.392,4.77,5.104,1.503,5.201,2.881,14.86,3.382,2.896,3.489,0.8836,5.194,2.869,2.5,0.65,4213.0,0.0004565,0.0001732,0.1536,2106.0,0.0004509,0.0001026,0.1518,0.0,0.0,0.0,4.437,15.13,0.6695,1.63e-13,0.7065,12.88,11.35,9.002,8.779,8.325,8.0,8105719,1,148.17100985,202.32895358,8.6685,402.7,13.7746,2.495,1.183,5635,4.278,0.54225,0.019328,64.52,8.0,4.3
008120608-05,0.36,PC,0,0,0,0,,129.945688,176.829176,5.569,4.401,7.669,1.645,0.8635,0.0,0.4014,0.3844,12.68,4.896,3.81,4.261,1.3,5.34,3.113,16.26,2.975,2.782,2.76,0.7874,5.331,3.098,0.99,0.753,13850.0,0.0004187,0.0001617,0.00391,5830.0,0.000463,8.469e-05,0.727,0.0,0.0,0.0,14.1,171.5,0.7746,2.97e-13,0.4315,11.27,21.22,9.211,7.55,7.198,8.0,8120608,5,129.94568817,176.82917575,7.6691,454.2,5.5687,1.024,0.443,3751,4.8,0.38531,0.021175,122.88,8.6,0.234
008120820-01,0.38,PC,0,0,0,0,KIC_OFFSET,129.222742,255.185929,7.638,4.294,8.144,1.539,0.5018,0.0,0.2117,0.3788,14.69,4.934,4.596,5.018,1.501,5.284,3.02,16.32,3.301,3.193,3.326,0.9142,5.311,3.064,2.13,0.899,3824.0,0.0004322,0.0001452,0.9624,3029.0,0.0004862,9.834e-05,0.1483,0.0,0.0,0.0,6.41,35.96,0.9238,1.7e-14,0.0,11.74,9.031,8.557,8.361,8.361,11.0,8120820,1,129.22274183,255.18592904,8.144,475.5,7.6378,2.154,0.809,4934,4.515,0.46085,0.024401,63.39,9.3,1.636
008297017-02,0.08,PC,0,0,0,0,EYEBALL---SATURATED,128.207009,230.199177,3.755,6.417,8.973,1.603,2.075,0.0,2.316,0.778,17.35,9.492,8.626,8.366,2.554,5.395,3.201,12.37,6.108,5.94,7.073,1.819,5.45,3.289,9.18,0.98,414.6,0.0003446,0.0001885,0.1768,565.3,0.0002697,0.0001332,0.8388,0.0,0.0,0.0,6.991,7.69,1.003,4.56e-12,0.0,8.815,13.47,8.52,8.965,8.478,5.0,8297017,2,128.20700866,230.19917679,8.9734,359.3,3.7551,9.624,3.811,7128,3.52,0.60025,0.023141,76.84,9.4,93.234
008359569-01,0.12,PC,0,0,0,0,EYEBALL---TOO_FEW_QUARTERS,152.823981,147.548032,7.855,5.035,8.583,0.9277,1.235,2.289,0.6194,0.5969,11.18,3.528,3.419,3.577,1.098,5.306,3.056,10.39,3.339,3.255,3.406,0.926,5.324,3.086,2.76,0.819,3344.0,0.0004479,0.0001414,0.5273,3577.0,0.0004368,0.0001403,0.5273,0.0,0.0,0.0,4.243,12.56,0.8409,1.67e-16,0.0,12.22,9.248,8.036,8.868,8.904,6.0,8359569,1,152.82398137,147.54803197,8.5835,452.4,7.8549,2.694,1.137,6452,4.394,0.58929,0.021711,90.75,8.9,5.78
008489260-01,0.15,PC,0,0,0,0,,130.232869,218.29276,6.523,4.604,7.606,0.7445,0.9857,0.0,0.3046,0.03218,10.48,3.662,3.544,3.902,1.135,5.309,3.061,10.3,3.282,3.115,3.797,0.9993,5.333,3.1,3.31,0.672,2675.0,0.0006574,0.0002296,0.6837,2389.0,0.0006784,0.0002161,0.05336,0.0,0.0,0.0,2.899,13.83,0.6959,4.22e-13,0.0,7.524,11.66,7.756,7.61,7.61,10.0,8489260,1,130.2328695,218.29276001,7.606,630.3,6.5227,2.397,0.903,5616,4.529,0.50385,0.02433,117.98,7.6,2.863
009521317-01,0.39,PC,0,0,0,0,,188.881022,280.069663,1.581,5.128,8.658,0.8009,0.9662,5.5,1.2,0.3587,16.75,4.687,4.632,6.342,1.338,5.603,3.527,14.95,4.277,4.186,4.153,1.022,5.638,3.579,2.37,0.913,4275.0,0.0003661,0.0001025,0.8129,4387.0,0.0003079,8.806e-05,0.7115,0.0,0.0,0.0,9.056,70.55,0.933,6.33e-14,0.7044,8.298,9.976,6.833,8.611,8.611,6.0,9521317,1,188.88102232,280.06966314,8.6582,330.1,1.5808,2.175,0.999,6077,4.471,0.66049,0.019954,415.0,9.9,2.795
009935983-01,0.15,PC,0,0,0,0,,161.651035,289.325593,2.522,4.035,8.374,0.9148,0.807,1.384,0.8462,0.9747,10.67,4.292,3.965,4.521,1.152,5.522,3.401,10.1,3.861,3.848,4.149,1.123,5.514,3.389,4.15,0.816,1197.0,0.0002619,0.0001053,0.3046,1063.0,0.0002596,9.928e-05,0.3045,0.0,0.0,0.0,3.109,3.14,0.8324,7.87e-17,0.3899,10.79,11.41,7.092,8.41,8.41,8.0,9935983,1,161.6510351,289.32559282,8.3739,255.9,2.5218,2.315,1.289,5725,4.212,0.57843,0.016457,296.82,8.3,4.78
010003058-01,0.26,PC,0,0,0,0,,148.567881,139.604687,4.515,4.82,9.631,0.7633,0.7517,0.0,2.353,1.096,13.4,4.167,4.08,4.408,1.147,5.391,3.195,12.04,3.8,3.383,4.086,0.9821,5.414,3.232,6.19,0.825,739.1,0.0003984,0.0001238,0.5499,609.8,0.0003802,0.00012,0.3348,0.0,0.0,0.0,4.291,6.48,0.8445,5.36e-22,0.09681,8.493,19.22,9.923,9.629,8.236,6.0,10003058,1,148.56788105,139.60468679,9.6314,364.6,4.515,6.417,2.985,5814,3.68,0.63622,0.019699,150.74,9.6,22.535
010263598-01,0.49,PC,0,0,0,0,,145.743623,199.644628,12.507,3.729,7.407,1.231,1.294,0.0,0.6177,0.2114,18.63,6.776,6.325,6.483,2.219,5.214,2.904,17.2,2.859,2.707,3.529,0.9607,5.207,2.891,17.2,0.657,132.4,0.0003625,0.0001318,0.7946,58.25,0.0003011,5.005e-05,0.4117,0.0,0.0,0.0,3.209,6.0,0.6757,1.18e-13,0.0,9.784,7.183,7.471,7.376,7.376,10.0,10263598,1,145.74362331,199.64462756,7.4066,390.1,12.5068,16.671,8.038,5096,3.007,0.72531,0.019006,69.37,8.1,74.209
010321972-01,0.2,PC,0,0,0,0,TOO_FEW_QUARTERS,122.131801,228.221052,17.237,6.018,7.902,1.258,1.189,0.0,0.0,0.0,16.53,7.384,5.804,5.861,2.275,5.122,2.745,14.47,3.991,3.546,3.528,1.187,5.139,2.775,3.88,0.789,3911.0,0.001273,0.0005688,0.4927,2873.0,0.001104,0.0003047,0.04585,0.0,0.0,0.4692,4.935,50.63,0.8283,5.92e-12,0.1485,8.686,21.63,8.328,7.853,7.853,3.0,10321972,1,122.13180143,228.22105188,7.9023,1469.9,17.2374,3.784,0.894,5592,4.418,0.44036,0.038787,36.55,9.0,3.611
010658177-01,0.57,PC,0,0,0,0,,113.085831,217.132654,9.602,4.702,9.287,0.5611,0.565,0.0,0.3368,0.293,15.68,4.984,4.717,4.196,1.297,5.214,2.903,15.08,4.332,2.677,3.23,0.8998,5.22,2.914,1.85,0.869,1431.0,0.0001362,4.329e-05,0.9721,1530.0,0.0001309,3.761e-05,0.9723,0.0,0.0,0.0,5.419,5.04,0.8811,2e-18,0.4321,11.11,12.01,7.376,9.259,9.259,12.0,10658177,1,113.08583148,217.13265359,9.2867,135.3,9.6025,1.88,1.4,5903,4.179,0.46959,0.012306,46.75,9.7,9.669
011357185-01,0.08,PC,0,0,0,0,EYEBALL---CLEAR_APO---TOO_FEW_QUARTERS,185.238695,177.288419,4.599,4.685,7.129,1.263,1.039,0.6364,1.995,0.01747,11.67,5.931,5.082,5.093,1.435,5.437,3.269,9.357,4.95,4.163,4.842,1.123,5.523,3.403,3.81,0.978,3885.0,0.000435,0.0002211,0.3991,4366.0,0.0004268,0.0002258,0.399,0.0,0.0,0.0,6.755,14.86,1.006,2.25e-12,0.4777,9.816,9.004,7.59,7.11,7.417,4.0,11357185,1,185.23869502,177.28841862,7.1291,490.3,4.5987,3.484,1.131,6218,4.417,0.67945,0.028229,97.76,7.6,3.711
011565903-01,0.07,PC,0,0,0,0,,117.140974,245.084927,3.87,4.429,7.285,0.8417,1.495,0.0,0.1468,0.4013,12.91,7.357,6.786,8.221,2.114,5.377,3.171,11.47,6.296,5.412,6.406,1.674,5.449,3.288,21.8,0.917,94.73,0.0003837,0.0002186,0.8211,107.6,0.0004133,0.0002269,0.8211,0.0,0.0,0.0,7.156,12.38,0.9411,9.56e-12,0.5544,9.582,7.109,7.176,7.311,6.909,10.0,11565903,1,117.14097409,245.08492668,7.2848,461.1,3.8697,21.561,8.243,5282,2.932,0.60195,0.02397,105.31,7.9,130.777
011658036-01,0.2,PC,0,0,0,0,,142.702421,212.034896,5.872,4.123,8.557,1.148,1.549,0.0,2.665,1.627,12.59,4.275,3.871,4.217,1.15,5.343,3.117,11.28,3.86,3.532,3.485,1.018,5.351,3.131,2.16,0.808,2887.0,0.0002204,7.488e-05,0.9961,2631.0,0.0002018,6.908e-05,0.3794,0.0,0.0,0.0,6.182,7.48,0.8225,2.99e-16,0.1251,10.86,11.97,8.439,8.506,8.506,10.0,11658036,1,142.70242071,212.03489627,8.5572,204.2,5.8718,2.04,1.289,6701,4.326,0.58097,0.014502,113.9,8.2,8.893
011757451-01,0.25,PC,0,0,0,0,,177.668842,264.242343,9.098,5.101,9.157,0.9451,1.113,1.674,0.2951,0.767,12.22,5.232,4.153,3.884,1.157,5.308,3.059,12.02,3.839,3.341,3.334,0.9188,5.314,3.07,2.27,0.72,9494.0,0.000768,0.0003288,0.2727,8429.0,0.0007679,0.0002452,0.2724,0.0,0.0,0.0,4.4,20.11,0.7483,3.95e-18,0.0,12.05,11.68,9.422,9.311,8.981,7.0,11757451,1,177.66884159,264.24234315,9.1566,825.0,9.0982,2.166,0.701,4721,4.615,0.55922,0.02832,109.53,10.3,0.699
011922290-01,0.05,PC,0,0,0,0,EYEBALL---TOO_FEW_QUARTERS,114.661574,237.231841,2.743,3.244,7.235,1.977,1.358,0.0,1.119,1.011,9.341,4.655,4.515,5.535,1.265,5.432,3.259,9.105,4.825,4.255,4.169,1.047,5.49,3.351,2.15,0.848,2667.0,0.0002713,0.0001352,0.08986,2674.0,0.0002837,0.0001504,0.9787,0.0,0.0,0.0,14.62,98.99,0.8657,8.45e-12,1.003,9.134,11.32,7.921,7.29,7.29,9.0,11922290,1,114.66157392,237.23184093,7.235,292.6,2.7432,1.388,0.712,5412,4.562,0.40516,0.017869,179.84,7.4,2.374
011967872-01,0.04,PC,0,0,0,0,TOO_FEW_CENTROIDS,134.373341,249.300128,8.776,4.758,7.9,1.051,1.509,0.0,1.013,0.1889,8.645,4.708,3.943,3.82,1.073,5.262,2.983,7.998,4.852,3.238,3.462,0.9289,5.273,3.001,2.22,0.717,6484.0,0.0004027,0.0002193,0.7021,6588.0,0.0003818,0.0002316,0.7018,0.0,0.0,0.0,2.286,8.16,0.7375,2.7e-13,0.4404,9.951,11.22,8.693,7.872,7.872,9.0,11967872,1,134.37334059,249.30012769,7.9001,427.0,8.7763,2.085,0.94,5910,4.505,0.51879,0.020328,84.89,7.7,3.588
